10039500
10068500
10092700
12306500
12308000
12308500
12309500
12310100
12314000
12318500
12321500
12322000
12391950
12392155
12392300
12393501
12395000
12395500
12411000
12413000
12413040
12413125
12413130
12413131
12413210
12413355
12413370
12413445
12413470
12413500
12413860
12413875
12414500
12414900
12415070
12415135
12417650
12419000
13032500
13037500
13038000
13038500
13039500
13042500
13046000
13046995
13047500
13047600
13049500
13050500
13052200
13055000
13055250
13055340
13056500
13057000
13057132
13057155
13057300
13057500
13057940
13058000
13058510
13058520
13058529
13058530
13060000
13062500
13063000
13066000
13068300
13068495
13068500
13069500
13073000
13075000
13075500
13075910
13075983
13077000
13078000
13081500
13082500
13083000
13087505
13087995
13089500
13090000
13090500
13092747
13094000
13108150
13108900
13112000
13113000
13116500
13117020
13118700
13118975
13119000
13120000
13120500
13122000
13124265
13127000
13128900
13131000
13132100
13132373
13132500
13132513
13132520
13132535
13132565
13134556
13135000
13135500
13135520
13136550
13137000
13137300
13137500
13138000
13139510
13140335
13140800
13141500
13142500
13147900
13148500
13150430
13152500
13152940
13153500
13153776
13154500
13159800
131610556
13168500
13171620
13172500
13176400
13185000
13186000
13190500
13192200
13200000
13202000
13204640
13206000
13206305
13206400
13210050
13210810
13210824
13210831
13210980
13210986
132109867
13211205
13212549
13212890
13213000
13213072
13213100
13235000
13236500
13237920
13239000
13240000
13245000
13246000
13247500
13249500
13250000
13251000
13258500
13265500
13266000
13269000
13295000
13296000
13296500
13297330
13297350
13297355
13302005
13302500
13305000
13305310
13306336
13306370
13306385
13307000
13309220
13310199
13310700
13310800
13310850
13311000
13311250
13311450
13313000
13316500
13317000
13317660
13336500
13337000
13337099
13337500
13338500
13339500
13340000
13340600
13341050
13341140
13341570
13342295
13342340
13342450
13342500
13345000
13346800
